version https://git-lfs.github.com/spec/v1
oid sha256:86361c63bea241e8214a1fcda3f583848e0eca5c0311977657116615eb3ffe62
size 21593536
